20412
20419
10190
10836
10838
10840
10842
10850
10858
11052
11176
11178
11182
11184
11186
11196
11198
11200
11202
11257
11259
11267
11269
11365
11371
11377
11379
11381
11387
11393
11399
11400
11475
11476
11478
11481
11482
11483
11484
11486
11530
11531
11532
11533
11534
11535
11536
11537
11538
11539
11540
11541
11542
11543
11544
11545
11547
11548
11549
11550
11551
11552
11553
11554
11555
11556
11557
11558
11688
11689
11690
11691
11692
11693
11694
11695
1183
1195
11963
11999
12013
12015
12034
12052
12054
12056
12058
12066
12068
12076
12084
12274
12608
12625
12631
12633
12735
12747
12771
1317
1319
15599
15600
15601
15792
16231
16242
16272
16273
16274
16670
16671
16672
16673
16678
16679
16680
16681
16682
16683
17317
17812
17841
17887
17888
17889
1875
1877
1977
1978
20069
20171
20172
2020
2032
20405
20406
20409
20410
20411
20413
20414
20415
20416
20417
20418
20420
20421
20423
20424
2046
2048
20567
20599
21078
21079
21084
21576
21579
21580
21581
21582
21583
21587
21590
21725
2183
2185
2203
2205
22227
22291
22444
22456
22468
22765
2281
22877
22917
22929
22943
23128
23129
23130
23131
23132
23138
23139
23140
23141
23142
23154
23156
23163
23164
23165
23166
23167
23168
23169
23170
23171
23172
23184
23186
2404
2410
24348
2454
2456
2464
2466
24690
24694
2486
2488
25556
25588
25589
25590
25591
25592
25593
25594
25595
25596
25597
25598
25599
25600
25601
25603
25604
25605
25606
25615
25617
25619
25622
25625
25887
25948
26374
26601
27914
28665
2873
2881
2889
2897
2905
2977
31117
31119
31358
31364
31370
31372
31376
31378
31800
31802
31810
31812
32025
32027
32029
32031
34	
35	
3504
3528
3530
3538
3540
36	
3683
3685
3689
37	
3766
38	
3828
3839
3841
3887
3888
39	
3993
3995
40	
4051
4246
4247
4250
4256
4262
4264
4266
4268
4270
4272
4274
4276
4278
4280
4282
4284
4286
4288
4290
4312
434
438
439
44	
440
4435
482
483
484
485
486
487
488
490
499
501
519
520
523
578
583
585
586
587
589
593
597
5973
598
6003
603
608
622
624
629
630
639
652
653
8749
9832
9834
9838
9840
9842
9848
9944
32872
32787
32801
20587
20593
20569
21841
20595
20607
20639
20625
20641
20599
21726
21573
21575
21591
21085
21089
21086
21074
21080
21076
21082
21077
21081
4383
32799
32803
20557
20577
